// user #SEID  List_of_SEID
//client 33 0 1 2 3 4 5 6 7 8 9 10 11 12 13 14 15 999 1010 1011 1012 1017 1030 1031 1032 1033 1034 1035 1036 1037 1038 1039 1040 1041
//pascal 33 0 1 2 3 4 5 6 7 8 9 10 11 12 13 14 15 999 1010 1011 1012 1017 1030 1031 1032 1033 1034 1035 1036 1037 1038 1039 1040 1041
client 18 1010 1011 1012 1017 1030 1031 1032 1033 1034 1035 1036 1037 1038 1039 1040 1041 16 17 
pascal 18 1010 1011 1012 1017 1030 1031 1032 1033 1034 1035 1036 1037 1038 1039 1040 1041 16 17
guest    3 1010 16 17






